18
49
5
76
19
14
25
64
39
30
10
69
80
45
11
20
22
55
68
18
37
44
81
8
81
51
19
57
56
69
89
29
59
81
66
35
71
75
24
51
11
54
73
63
66
31
14
93
54
20
69
99
60
81
39
46
16
94
67
71
18
5
27
7
15
16
65
71
54
64
70
38
42
73
19
35
0
59
77
98
51
37
6
50
36
24
90
9
97
95
4
45
38
42
79
72
70
29
14
27
80
83
72
63
62
68
84
57
55
85
59
40
5
43
56
64
14
35
2
26
8
5
59
7
93
35
41
87
96
52
17
64
74
31
63
48
17
82
85
12
99
9
41
9
16
45
70
29
37
5
87
23
45
20
54
25
2
47
44
20
25
82
26
62
8
99
54
0
57
48
12
21
83
23
31
59
84
39
84
25
10
93
81
94
44
17
27
34
90
75
26
48
22
10
26
24
21
65
15
62
44
61
7
39
76
83
53
41
69
82
54
31
28
49
47
58
73
95
33
87
8
96
97
65
37
1
0
71
53
79
80
89
0
73
90
19
17
24
78
3
56
5
85
11
68
11
82
64
40
14
9
55
21
80
74
85
39
34
65
14
18
66
91
90
63
57
31
1
10
48
80
41
79
77
4
23
50
20
70
86
9
7
34
91
17
36
49
98
44
57
92
67
29
70
76
10
87
36
68
97
44
1
49
63
51
21
71
57
85
36
71
93
84
14
76
75
26
8
13
50
40
11
13
39
20
91
61
86
59
31
96
26
31
25
14
14
12
18
27
81
21
35
60
90
66
9
3
7
67
4
31
8
20
84
80
85
19
93
92
77
98
17
88
41
94
2
94
49
63
23
47
45
7
49
62
60
53
43
15
54
6
43
19
21
78
18
89
67
61
92
66
23
78
54
19
37
22
73
87
79
82
8
63
15
15
38
69
27
82
77
61
57
27
19
61
31
47
87
41
14
75
16
79
36
22
91
1
27
58
91
95
70
87
30
0
71
24
18
17
47
57
81
9
43
84
87
93
80
88
15
27
29
29
45
55
12
86
59
74
27
15
2
47
49
48
16
76
55
10
88
46
36
67
79
45
85
98
10
18
58
55
81
44
66
57
18
9
23
13
75
14
20
25
22
95
65
82
83
81
5
10
10
7
95
94
5
67
31
55
97
41
59
86
1
78
94
30
81
3
46
5
62
94
35
70
77
10
16
34
14
51
57
88
98
65
74
7
58
2
72
87
85
42
70
7
16
43
20
6
92
47
95
89
24
49
40
33
90
54
40
14
61
72
80
3
78
40
67
7
59
98
37
89
8
45
11
64
37
10
26
97
25
89
60
97
26
24
51
40
97
53
96
68
97
2
22
64
4
52
13
88
70
52
22
94
31
49
27
67
96
52
93
88
74
27
52
77
83
50
27
27
89
48
19
71
89
44
95
14
89
44
20
68
19
74
90
89
98
52
64
14
78
84
32
35
8
95
35
77
24
99
60
87
40
38
87
14
2
51
18
58
21
25
92
25
5
74
67
55
13
84
60
24
30
66
84
25
31
7
90
69
20
7
96
92
72
5
80
23
23
37
60
75
92
71
94
9
44
12
50
19
76
22
10
0
69
90
13
34
83
96
87
77
75
26
21
9
50
87
8
92
52
8
21
54
98
6
92
58
88
31
18
46
98
73
98
16
66
1
78
39
56
21
12
5
98
17
71
79
51
29
57
35
86
60
28
38
15
2
60
34
18
11
97
7
81
99
56
55
10
86
64
60
49
29
99
73
20
83
48
85
21
79
21
35
92
31
18
36
50
86
5
67
78
80
39
15
76
50
88
88
28
97
23
16
36
59
50
49
42
69
14
7
73
60
14
96
39
43
26
36
9
31
39
71
19
70
93
26
46
79
74
21
12
58
66
80
12
24
33
33
95
25
1
87
51
98
31
73
18
27
25
29
22
53
94
29
49
26
91
59
60
30
83
97
67
86
42
27
24
40
98
46
76
69
39
34
42
71
16
44
29
0
3
59
83
44
22
12
37
51
45
30
11
58
26
84
48
0
55
82
21
46
86
18
75
65
49
31
52
56
2
36
81
24
60
67
58
95
40
10
6
10
26
16
85
64
51
30
32
9
52
12
28
68
54
26
11
63
10
71
36
4
35
29
86
13
83
1
52
24
58
86
16
65
83
13
71
68
46
83
86
79
82
78
51
92
80
94
81
45
36
81
37
17
81
47
46
23
37
44
42
93
10
16
0
82
40
84
77
38
27
95
42
68
45
31
55
87
42
